import random
import time

def listg10():
    """
    Make a list of 100 random integers. Then create a new list of the
    integers in the first list that are greater than 10.

    @rtype = list

    >>> listg10()
    [79, 64, 15, 34, 24, 23, 86, 88, 36, 82, 40, 25, 11, 80, 73, 79, 43,
    14, 68, 76, 29, 22, 34, 81, 90, 1, 96, 26, 89, 63, 25, 100, 60, 54,
    36, 7, 8, 79, 59, 66, 60, 40, 58, 9, 93, 12, 31, 49, 3, 33, 100, 85,
    54, 41, 75, 77, 75, 12, 87, 44, 27, 83, 58, 14, 99, 69, 82, 66, 6,
    20, 71, 35, 79, 59, 73, 83, 56, 96, 84, 62, 50, 10, 13, 88, 92, 82,
    91, 19, 16, 20, 28, 77, 54, 8, 69, 88, 60, 47, 16, 49, 41]


    [79, 64, 15, 34, 24, 23, 86, 88, 36, 82, 40, 25, 11, 80, 73, 79, 43,
    14, 68, 76, 29, 22, 34, 81, 90, 96, 26, 89, 63, 25, 100, 60, 54, 36,
    79, 59, 66, 60, 40, 58, 93, 12, 31, 49, 33, 100, 85, 54, 41, 75, 77,
    75, 12, 87, 44, 27, 83, 58, 14, 99, 69, 82, 66, 20, 71, 35, 79, 59,
    73, 83, 56, 96, 84, 62, 50, 13, 88, 92, 82, 91, 19, 16, 20, 28, 77,
    54, 69, 88, 60, 47, 16, 49, 41]
    """
    #if __name__ == "__main__":
    #    import doctest
    #    doctest.testmod()
    #Not sure why the test does not work, the code works once this is taken out. Is it because you can not test random?
        
    lst =[]
    lst1 = []

    while len(lst) <= 100:
        x = random.randint(0,100)
        lst.append(x)
    
    for j in lst[:len(lst)]:
        if j > 10:
            lst1.append(j)
    print (lst)
    print('\n')
    print (lst1)

def slice_list():
    """
    Make a list of 100 random integers and pop the first and last element of each list. Print out the list after popping
    out the elements.

    @rtype = list
    
    >>>slice_list()
    [0, 38, 51, 56, 30, 31, 80, 63, 5, 87, 45, 72, 10, 65, 54, 47, 20, 11, 29, 9, 29, 84, 85, 57, 73, 0, 93, 78, 49, 21,
    54, 57, 8, 40, 91, 27, 88, 71, 40, 37, 46, 28, 42, 71, 56, 95, 37, 89, 57, 31, 42, 3, 32, 66, 24, 7, 28, 31, 31, 88,
    24, 26, 41, 74, 86, 30, 14, 65, 22, 61, 32, 43, 40, 41, 55, 36, 52, 15, 40, 78, 37, 98, 65, 42, 47, 3, 9, 99, 81, 22,
    80, 98, 17, 40, 50, 71, 33, 39, 69, 98, 2]


    [38, 51, 56, 30, 31, 80, 63, 5, 87, 45, 72, 10, 65, 54, 47, 20, 11, 29, 9, 29, 84, 85, 57, 73, 0, 93, 78, 49, 21, 54,
    57, 8, 40, 91, 27, 88, 71, 40, 37, 46, 28, 42, 71, 56, 95, 37, 89, 57, 31, 42, 3, 32, 66, 24, 7, 28, 31, 31, 88, 24,
    26, 41, 74, 86, 30, 14, 65, 22, 61, 32, 43, 40, 41, 55, 36, 52, 15, 40, 78, 37, 98, 65, 42, 47, 3, 9, 99, 81, 22, 80,
    98, 17, 40, 50, 71, 33, 39, 69, 98]


    [51, 56, 30, 31, 80, 63, 5, 87, 45, 72, 10, 65, 54, 47, 20, 11, 29, 9, 29, 84, 85, 57, 73, 0, 93, 78, 49, 21, 54, 57,
    8, 40, 91, 27, 88, 71, 40, 37, 46, 28, 42, 71, 56, 95, 37, 89, 57, 31, 42, 3, 32, 66, 24, 7, 28, 31, 31, 88, 24, 26,
    41, 74, 86, 30, 14, 65, 22, 61, 32, 43, 40, 41, 55, 36, 52, 15, 40, 78, 37, 98, 65, 42, 47, 3, 9, 99, 81, 22, 80, 98,
    17, 40, 50, 71, 33, 39, 69]


    [56, 30, 31, 80, 63, 5, 87, 45, 72, 10, 65, 54, 47, 20, 11, 29, 9, 29, 84, 85, 57, 73, 0, 93, 78, 49, 21, 54, 57, 8,
    40, 91, 27, 88, 71, 40, 37, 46, 28, 42, 71, 56, 95, 37, 89, 57, 31, 42, 3, 32, 66, 24, 7, 28, 31, 31, 88, 24, 26, 41,
    74, 86, 30, 14, 65, 22, 61, 32, 43, 40, 41, 55, 36, 52, 15, 40, 78, 37, 98, 65, 42, 47, 3, 9, 99, 81, 22, 80, 98, 17,
    40, 50, 71, 33, 39]


    [30, 31, 80, 63, 5, 87, 45, 72, 10, 65, 54, 47, 20, 11, 29, 9, 29, 84, 85, 57, 73, 0, 93, 78, 49, 21, 54, 57, 8, 40,
    91, 27, 88, 71, 40, 37, 46, 28, 42, 71, 56, 95, 37, 89, 57, 31, 42, 3, 32, 66, 24, 7, 28, 31, 31, 88, 24, 26, 41, 74,
    86, 30, 14, 65, 22, 61, 32, 43, 40, 41, 55, 36, 52, 15, 40, 78, 37, 98, 65, 42, 47, 3, 9, 99, 81, 22, 80, 98, 17, 40,
    50, 71, 33]


    [31, 80, 63, 5, 87, 45, 72, 10, 65, 54, 47, 20, 11, 29, 9, 29, 84, 85, 57, 73, 0, 93, 78, 49, 21, 54, 57, 8, 40, 91,
    27, 88, 71, 40, 37, 46, 28, 42, 71, 56, 95, 37, 89, 57, 31, 42, 3, 32, 66, 24, 7, 28, 31, 31, 88, 24, 26, 41, 74, 86,
    30, 14, 65, 22, 61, 32, 43, 40, 41, 55, 36, 52, 15, 40, 78, 37, 98, 65, 42, 47, 3, 9, 99, 81, 22, 80, 98, 17, 40, 50,
    71]


    [80, 63, 5, 87, 45, 72, 10, 65, 54, 47, 20, 11, 29, 9, 29, 84, 85, 57, 73, 0, 93, 78, 49, 21, 54, 57, 8, 40, 91, 27,
    88, 71, 40, 37, 46, 28, 42, 71, 56, 95, 37, 89, 57, 31, 42, 3, 32, 66, 24, 7, 28, 31, 31, 88, 24, 26, 41, 74, 86, 30,
    14, 65, 22, 61, 32, 43, 40, 41, 55, 36, 52, 15, 40, 78, 37, 98, 65, 42, 47, 3, 9, 99, 81, 22, 80, 98, 17, 40, 50]


    [63, 5, 87, 45, 72, 10, 65, 54, 47, 20, 11, 29, 9, 29, 84, 85, 57, 73, 0, 93, 78, 49, 21, 54, 57, 8, 40, 91, 27, 88,
    71, 40, 37, 46, 28, 42, 71, 56, 95, 37, 89, 57, 31, 42, 3, 32, 66, 24, 7, 28, 31, 31, 88, 24, 26, 41, 74, 86, 30, 14,
    65, 22, 61, 32, 43, 40, 41, 55, 36, 52, 15, 40, 78, 37, 98, 65, 42, 47, 3, 9, 99, 81, 22, 80, 98, 17, 40]


    [5, 87, 45, 72, 10, 65, 54, 47, 20, 11, 29, 9, 29, 84, 85, 57, 73, 0, 93, 78, 49, 21, 54, 57, 8, 40, 91, 27, 88, 71,
    40, 37, 46, 28, 42, 71, 56, 95, 37, 89, 57, 31, 42, 3, 32, 66, 24, 7, 28, 31, 31, 88, 24, 26, 41, 74, 86, 30, 14, 65,
    22, 61, 32, 43, 40, 41, 55, 36, 52, 15, 40, 78, 37, 98, 65, 42, 47, 3, 9, 99, 81, 22, 80, 98, 17]


    [87, 45, 72, 10, 65, 54, 47, 20, 11, 29, 9, 29, 84, 85, 57, 73, 0, 93, 78, 49, 21, 54, 57, 8, 40, 91, 27, 88, 71, 40,
    37, 46, 28, 42, 71, 56, 95, 37, 89, 57, 31, 42, 3, 32, 66, 24, 7, 28, 31, 31, 88, 24, 26, 41, 74, 86, 30, 14, 65, 22,
    61, 32, 43, 40, 41, 55, 36, 52, 15, 40, 78, 37, 98, 65, 42, 47, 3, 9, 99, 81, 22, 80, 98]


    [45, 72, 10, 65, 54, 47, 20, 11, 29, 9, 29, 84, 85, 57, 73, 0, 93, 78, 49, 21, 54, 57, 8, 40, 91, 27, 88, 71, 40, 37,
    46, 28, 42, 71, 56, 95, 37, 89, 57, 31, 42, 3, 32, 66, 24, 7, 28, 31, 31, 88, 24, 26, 41, 74, 86, 30, 14, 65, 22, 61,
    32, 43, 40, 41, 55, 36, 52, 15, 40, 78, 37, 98, 65, 42, 47, 3, 9, 99, 81, 22, 80]


    [72, 10, 65, 54, 47, 20, 11, 29, 9, 29, 84, 85, 57, 73, 0, 93, 78, 49, 21, 54, 57, 8, 40, 91, 27, 88, 71, 40, 37, 46,
    28, 42, 71, 56, 95, 37, 89, 57, 31, 42, 3, 32, 66, 24, 7, 28, 31, 31, 88, 24, 26, 41, 74, 86, 30, 14, 65, 22, 61, 32,
    43, 40, 41, 55, 36, 52, 15, 40, 78, 37, 98, 65, 42, 47, 3, 9, 99, 81, 22]


    [10, 65, 54, 47, 20, 11, 29, 9, 29, 84, 85, 57, 73, 0, 93, 78, 49, 21, 54, 57, 8, 40, 91, 27, 88, 71, 40, 37, 46, 28,
    42, 71, 56, 95, 37, 89, 57, 31, 42, 3, 32, 66, 24, 7, 28, 31, 31, 88, 24, 26, 41, 74, 86, 30, 14, 65, 22, 61, 32, 43,
    40, 41, 55, 36, 52, 15, 40, 78, 37, 98, 65, 42, 47, 3, 9, 99, 81]


    [65, 54, 47, 20, 11, 29, 9, 29, 84, 85, 57, 73, 0, 93, 78, 49, 21, 54, 57, 8, 40, 91, 27, 88, 71, 40, 37, 46, 28, 42,
    71, 56, 95, 37, 89, 57, 31, 42, 3, 32, 66, 24, 7, 28, 31, 31, 88, 24, 26, 41, 74, 86, 30, 14, 65, 22, 61, 32, 43, 40,
    41, 55, 36, 52, 15, 40, 78, 37, 98, 65, 42, 47, 3, 9, 99]


    [54, 47, 20, 11, 29, 9, 29, 84, 85, 57, 73, 0, 93, 78, 49, 21, 54, 57, 8, 40, 91, 27, 88, 71, 40, 37, 46, 28, 42, 71,
    56, 95, 37, 89, 57, 31, 42, 3, 32, 66, 24, 7, 28, 31, 31, 88, 24, 26, 41, 74, 86, 30, 14, 65, 22, 61, 32, 43, 40, 41,
    55, 36, 52, 15, 40, 78, 37, 98, 65, 42, 47, 3, 9]


    [47, 20, 11, 29, 9, 29, 84, 85, 57, 73, 0, 93, 78, 49, 21, 54, 57, 8, 40, 91, 27, 88, 71, 40, 37, 46, 28, 42, 71, 56,
    95, 37, 89, 57, 31, 42, 3, 32, 66, 24, 7, 28, 31, 31, 88, 24, 26, 41, 74, 86, 30, 14, 65, 22, 61, 32, 43, 40, 41, 55,
    36, 52, 15, 40, 78, 37, 98, 65, 42, 47, 3]


    [20, 11, 29, 9, 29, 84, 85, 57, 73, 0, 93, 78, 49, 21, 54, 57, 8, 40, 91, 27, 88, 71, 40, 37, 46, 28, 42, 71, 56, 95,
    37, 89, 57, 31, 42, 3, 32, 66, 24, 7, 28, 31, 31, 88, 24, 26, 41, 74, 86, 30, 14, 65, 22, 61, 32, 43, 40, 41, 55, 36,
    52, 15, 40, 78, 37, 98, 65, 42, 47]


    [11, 29, 9, 29, 84, 85, 57, 73, 0, 93, 78, 49, 21, 54, 57, 8, 40, 91, 27, 88, 71, 40, 37, 46, 28, 42, 71, 56, 95, 37,
    89, 57, 31, 42, 3, 32, 66, 24, 7, 28, 31, 31, 88, 24, 26, 41, 74, 86, 30, 14, 65, 22, 61, 32, 43, 40, 41, 55, 36, 52,
    15, 40, 78, 37, 98, 65, 42]


    [29, 9, 29, 84, 85, 57, 73, 0, 93, 78, 49, 21, 54, 57, 8, 40, 91, 27, 88, 71, 40, 37, 46, 28, 42, 71, 56, 95, 37, 89,
    57, 31, 42, 3, 32, 66, 24, 7, 28, 31, 31, 88, 24, 26, 41, 74, 86, 30, 14, 65, 22, 61, 32, 43, 40, 41, 55, 36, 52, 15,
    40, 78, 37, 98, 65]


    [9, 29, 84, 85, 57, 73, 0, 93, 78, 49, 21, 54, 57, 8, 40, 91, 27, 88, 71, 40, 37, 46, 28, 42, 71, 56, 95, 37, 89, 57,
    31, 42, 3, 32, 66, 24, 7, 28, 31, 31, 88, 24, 26, 41, 74, 86, 30, 14, 65, 22, 61, 32, 43, 40, 41, 55, 36, 52, 15, 40,
    78, 37, 98]


    [29, 84, 85, 57, 73, 0, 93, 78, 49, 21, 54, 57, 8, 40, 91, 27, 88, 71, 40, 37, 46, 28, 42, 71, 56, 95, 37, 89, 57, 31,
    42, 3, 32, 66, 24, 7, 28, 31, 31, 88, 24, 26, 41, 74, 86, 30, 14, 65, 22, 61, 32, 43, 40, 41, 55, 36, 52, 15, 40, 78,
    37]


    [84, 85, 57, 73, 0, 93, 78, 49, 21, 54, 57, 8, 40, 91, 27, 88, 71, 40, 37, 46, 28, 42, 71, 56, 95, 37, 89, 57, 31, 42,
    3, 32, 66, 24, 7, 28, 31, 31, 88, 24, 26, 41, 74, 86, 30, 14, 65, 22, 61, 32, 43, 40, 41, 55, 36, 52, 15, 40, 78]


    [85, 57, 73, 0, 93, 78, 49, 21, 54, 57, 8, 40, 91, 27, 88, 71, 40, 37, 46, 28, 42, 71, 56, 95, 37, 89, 57, 31, 42, 3,
    32, 66, 24, 7, 28, 31, 31, 88, 24, 26, 41, 74, 86, 30, 14, 65, 22, 61, 32, 43, 40, 41, 55, 36, 52, 15, 40]


    [57, 73, 0, 93, 78, 49, 21, 54, 57, 8, 40, 91, 27, 88, 71, 40, 37, 46, 28, 42, 71, 56, 95, 37, 89, 57, 31, 42, 3, 32,
    66, 24, 7, 28, 31, 31, 88, 24, 26, 41, 74, 86, 30, 14, 65, 22, 61, 32, 43, 40, 41, 55, 36, 52, 15]


    [73, 0, 93, 78, 49, 21, 54, 57, 8, 40, 91, 27, 88, 71, 40, 37, 46, 28, 42, 71, 56, 95, 37, 89, 57, 31, 42, 3, 32, 66,
    24, 7, 28, 31, 31, 88, 24, 26, 41, 74, 86, 30, 14, 65, 22, 61, 32, 43, 40, 41, 55, 36, 52]


    [0, 93, 78, 49, 21, 54, 57, 8, 40, 91, 27, 88, 71, 40, 37, 46, 28, 42, 71, 56, 95, 37, 89, 57, 31, 42, 3, 32, 66, 24,
    7, 28, 31, 31, 88, 24, 26, 41, 74, 86, 30, 14, 65, 22, 61, 32, 43, 40, 41, 55, 36]


    [93, 78, 49, 21, 54, 57, 8, 40, 91, 27, 88, 71, 40, 37, 46, 28, 42, 71, 56, 95, 37, 89, 57, 31, 42, 3, 32, 66, 24, 7,
    28, 31, 31, 88, 24, 26, 41, 74, 86, 30, 14, 65, 22, 61, 32, 43, 40, 41, 55]


    [78, 49, 21, 54, 57, 8, 40, 91, 27, 88, 71, 40, 37, 46, 28, 42, 71, 56, 95, 37, 89, 57, 31, 42, 3, 32, 66, 24, 7, 28,
    31, 31, 88, 24, 26, 41, 74, 86, 30, 14, 65, 22, 61, 32, 43, 40, 41]


    [49, 21, 54, 57, 8, 40, 91, 27, 88, 71, 40, 37, 46, 28, 42, 71, 56, 95, 37, 89, 57, 31, 42, 3, 32, 66, 24, 7, 28, 31,
    31, 88, 24, 26, 41, 74, 86, 30, 14, 65, 22, 61, 32, 43, 40]


    [21, 54, 57, 8, 40, 91, 27, 88, 71, 40, 37, 46, 28, 42, 71, 56, 95, 37, 89, 57, 31, 42, 3, 32, 66, 24, 7, 28, 31, 31,
    88, 24, 26, 41, 74, 86, 30, 14, 65, 22, 61, 32, 43]


    [54, 57, 8, 40, 91, 27, 88, 71, 40, 37, 46, 28, 42, 71, 56, 95, 37, 89, 57, 31, 42, 3, 32, 66, 24, 7, 28, 31, 31, 88,
    24, 26, 41, 74, 86, 30, 14, 65, 22, 61, 32]


    [57, 8, 40, 91, 27, 88, 71, 40, 37, 46, 28, 42, 71, 56, 95, 37, 89, 57, 31, 42, 3, 32, 66, 24, 7, 28, 31, 31, 88, 24,
    26, 41, 74, 86, 30, 14, 65, 22, 61]


    [8, 40, 91, 27, 88, 71, 40, 37, 46, 28, 42, 71, 56, 95, 37, 89, 57, 31, 42, 3, 32, 66, 24, 7, 28, 31, 31, 88, 24, 26,
    41, 74, 86, 30, 14, 65, 22]


    [40, 91, 27, 88, 71, 40, 37, 46, 28, 42, 71, 56, 95, 37, 89, 57, 31, 42, 3, 32, 66, 24, 7, 28, 31, 31, 88, 24, 26, 41,
    74, 86, 30, 14, 65]


    [91, 27, 88, 71, 40, 37, 46, 28, 42, 71, 56, 95, 37, 89, 57, 31, 42, 3, 32, 66, 24, 7, 28, 31, 31, 88, 24, 26, 41, 74,
    86, 30, 14]


    [27, 88, 71, 40, 37, 46, 28, 42, 71, 56, 95, 37, 89, 57, 31, 42, 3, 32, 66, 24, 7, 28, 31, 31, 88, 24, 26, 41, 74, 86,
    30]


    [88, 71, 40, 37, 46, 28, 42, 71, 56, 95, 37, 89, 57, 31, 42, 3, 32, 66, 24, 7, 28, 31, 31, 88, 24, 26, 41, 74, 86]


    [71, 40, 37, 46, 28, 42, 71, 56, 95, 37, 89, 57, 31, 42, 3, 32, 66, 24, 7, 28, 31, 31, 88, 24, 26, 41, 74]


    [40, 37, 46, 28, 42, 71, 56, 95, 37, 89, 57, 31, 42, 3, 32, 66, 24, 7, 28, 31, 31, 88, 24, 26, 41]


    [37, 46, 28, 42, 71, 56, 95, 37, 89, 57, 31, 42, 3, 32, 66, 24, 7, 28, 31, 31, 88, 24, 26]


    [46, 28, 42, 71, 56, 95, 37, 89, 57, 31, 42, 3, 32, 66, 24, 7, 28, 31, 31, 88, 24]


    [28, 42, 71, 56, 95, 37, 89, 57, 31, 42, 3, 32, 66, 24, 7, 28, 31, 31, 88]


    [42, 71, 56, 95, 37, 89, 57, 31, 42, 3, 32, 66, 24, 7, 28, 31, 31]


    [71, 56, 95, 37, 89, 57, 31, 42, 3, 32, 66, 24, 7, 28, 31]


    [56, 95, 37, 89, 57, 31, 42, 3, 32, 66, 24, 7, 28]


    [95, 37, 89, 57, 31, 42, 3, 32, 66, 24, 7]


    [37, 89, 57, 31, 42, 3, 32, 66, 24]


    [89, 57, 31, 42, 3, 32, 66]


    [57, 31, 42, 3, 32]


    [31, 42, 3]


    [42]

    
    [] 

    """
    #if __name__ == "__main__":
    #    import doctest
    #    doctest.testmod()
    
    lst2 = []
    while len(lst2) <= 100:
        x = random.randint(0,100)
        lst2.append(x)
        
    while len(lst2) != 0:
        print(lst2)
        time.sleep(0.5)
        print('\n')
        if len(lst2) == 1:
            lst2.pop()
        else:
            lst2.pop()
            lst2.pop(0)

    print(lst2)

def order_list():
    """
    Make a list of 100 random integers and ask user whether they want the list ordered in ascending or descending
    order. Print out list of what the user inputs.

    @rtype = list
    >>> order_list()
    [77, 2, 63, 54, 79, 53, 93, 2, 46, 5, 71, 82, 98, 98, 65, 11, 70, 79, 4, 14, 6, 36, 62, 14, 33, 93, 31,
    15, 29, 86, 95, 99, 41, 49, 54, 23, 40, 72, 35, 70, 29, 77, 57, 31, 99, 38, 75, 97, 40, 64, 83, 12, 67,
    62, 54, 18, 95, 15, 39, 2, 95, 35, 8, 43, 89, 95, 70, 78, 50, 70, 36, 56, 14, 26, 73, 98, 90, 62, 32, 79,
    59, 8, 26, 91, 61, 40, 82, 73, 15, 24, 17, 46, 20, 3, 71, 67, 54, 8, 92, 10, 10]


    Would you like the list in ascending or descending order? ascend
    [2, 2, 2, 3, 4, 5, 6, 8, 8, 8, 10, 10, 11, 12, 14, 14, 14, 15, 15, 15, 17, 18, 20, 23, 24, 26, 26, 29, 29,
    31, 31, 32, 33, 35, 35, 36, 36, 38, 39, 40, 40, 40, 41, 43, 46, 46, 49, 50, 53, 54, 54, 54, 54, 56, 57, 59,
    61, 62, 62, 62, 63, 64, 65, 67, 67, 70, 70, 70, 70, 71, 71, 72, 73, 73, 75, 77, 77, 78, 79, 79, 79, 82, 82,
    83, 86, 89, 90, 91, 92, 93, 93, 95, 95, 95, 95, 97, 98, 98, 98, 99, 99]
    """
    #if __name__ == "__main__":
    #    import doctest
    #    doctest.testmod()

    lst3 = []
    while len(lst3) <= 100:
        x = random.randint(0,100)
        lst3.append(x)

    print(lst3)
    print('\n')
    ordering_choice = input("Would you like the list in ascending or descending order? ")
    if ordering_choice.lower() == "ascend":
        print(sorted(lst3, key=int))
    if ordering_choice.lower() == "descend":
        print(sorted(lst3, key=int, reverse=True))
    
